011 
012 
013 
021 
022 
031 
032 
041 
042 
051 
052 
062 
065 
070 
071 
072 
081 
082 
091 
092 
101 
102 
103 
111 
121 
132 
133 
141 
201 
211 
212 
221 
232 
233 
241 
242 
251 
252 
261 
282 
291 
311 
312 
315 
331 
332 
333 
334 
341 
342 
343 
351 
361 
371 
381 
391 
401 
402 
411 
412 
421 
431 
441 
451 
461 
501 
502 
503 
504 
505 
506 
507 
508 
509 
510 
551 
552 
591 
601 
602 
611 
622 
651 
661 
713 
715 
813 
815 
817 
819 
851 
852 
853 
854 
855 
856 
857 
858 
859 
860 
861 
862 
863 
864 
865 
866 
867 
868 
869 
870 
871 
872 
873 
874 
875 
876 
877 
878 
879 
880 
881 
882 
883 
884 
885 
886 
887 
888 
889 
890 
891 
892 
893 
894 
895 
896 
897 
898 
899 
900 
901 
902 
903 
904 
905 
906 
907 
908 
909 
910 
911 
912 
913 
914 
915 
916 
917 
918 
919 
920 
921 
922 
923 
924 
925 
926 
927 
928 
929 
930 
931 
932 
933 
934 
935 
936 
937 
938 
939 
940 
941 
942 
943 
944 
945 
946 
947 
948 
949 
950 
951 
952 
953 
954 
955 
956 
957 
958 
959 
960 
961 
962 
963 
964 
965 
966 
967 
968 
969 
970 
971 
972 
973 
974 
975 
976 
977 
979 
980 
981 
982 
983 
984 
985 
986 
987 
988 
989 
990 
